This is line 1
This is line 2
This is line 3
This is line 4
This is line 5
This is line 6
This is line 7
This is line 8
This is line 9
This is line 10
[1.6903698325741012, 1.6903694017982107, 1.6903689710229053, 1.6903685402481836, 1.6903681094740446, 1.6903676787004867, 1.690367247927508, 1.690366817155108, 1.6903663863832847, 1.6903659556120372, 1.6903655248413638, 1.6903650940712633, 1.6903646633017344, 1.6903642325327755, 1.6903638017643854, 1.6903633709965626, 1.6903629402293063, 1.6903625094626147, 1.6903620786964868, 1.690361647930921, 1.690361217165916, 1.6903607864014705, 1.6903603556375835, 1.6903599248742534, 1.690359494111479, 1.6903590633492591, 1.6903586325875923, 1.6903582018264776, 1.6903577710659135, 1.6903573403058985, 1.6903569095464317, 1.6903564787875118, 1.6903560480291375, 1.6903556172713075, 1.6903551865140207, 1.6903547557572758, 1.6903543250010715, 1.6903538942454066, 1.69035346349028, 1.6903530327356904, 1.6903526019816366, 1.6903521712281173, 1.6903517404751314, 1.6903513097226777, 1.6903508789707549, 1.690350448219362, 1.6903500174684978, 1.690349586718161, 1.6903491559683503, 1.690348725219065, 1.6903482944703034, 1.6903478637220648, 1.6903474329743478, 1.690347002227151, 1.6903465714804737, 1.6903461407343146, 1.6903457099886725, 1.6903452792435463, 1.690344848498935, 1.6903444177548372, 1.690343987011252, 1.6903435562681781, 1.6903431255256147, 1.6903426947835605, 1.6903422640420143, 1.690341833300975, 1.6903414025604417, 1.6903409718204132, 1.6903405410808883, 1.690340110341866, 1.6903396796033456, 1.6903392488653253, 1.6903388181278045, 1.690338387390782, 1.690337956654257, 1.6903375259182278, 1.690337095182694, 1.6903366644476543, 1.6903362337131076, 1.6903358029790527, 1.690335372245489, 1.6903349415124151, 1.6903345107798302, 1.6903340800477331, 1.690333649316123, 1.6903332185849984, 1.6903327878543588, 1.6903323571242028, 1.6903319263945298, 1.6903314956653386, 1.6903310649366279, 1.690330634208397, 1.6903302034806449, 1.6903297727533706, 1.690329342026573, 1.6903289113002513, 1.6903284805744043, 1.6903280498490314, 1.690327619124131, 1.6903271883997026, 1.6903267576757453, 1.6903263269522577, 1.6903258962292391, 1.6903254655066886, 1.6903250347846053, 1.690324604062988, 1.690324173341836, 1.6903237426211482, 1.6903233119009236, 1.6903228811811615, 1.6903224504618608, 1.6903220197430207, 1.69032158902464, 1.690321158306718, 1.6903207275892536, 1.6903202968722462, 1.6903198661556946, 1.6903194354395983, 1.6903190047239558, 1.6903185740087665, 1.6903181432940295, 1.6903177125797437, 1.6903172818659087, 1.690316851152523, 1.6903164204395862, 1.6903159897270974, 1.6903155590150551, 1.6903151283034592, 1.6903146975923085, 1.690314266881602, 1.690313836171339, 1.6903134054615183, 1.6903129747521397, 1.6903125440432019, 1.6903121133347039, 1.690311682626645, 1.6903112519190246, 1.6903108212118416, 1.6903103905050951, 1.6903099597987845, 1.6903095290929089, 1.6903090983874671, 1.6903086676824588, 1.6903082369778828, 1.6903078062737384, 1.6903073755700249, 1.6903069448667412, 1.6903065141638867, 1.6903060834614605, 1.6903056527594615, 1.6903052220578896, 1.6903047913567433, 1.6903043606560222, 1.6903039299557254, 1.6903034992558519, 1.6903030685564011, 1.6903026378573724, 1.6903022071587646, 1.690301776460577, 1.690301345762809, 1.6903009150654598, 1.6903004843685285, 1.6903000536720143, 1.6902996229759166, 1.6902991922802344, 1.6902987615849672, 1.6902983308901138, 1.690297900195674, 1.6902974695016466, 1.690297038808031, 1.6902966081148265, 1.6902961774220322, 1.6902957467296476, 1.6902953160376715, 1.6902948853461035, 1.690294454654943, 1.6902940239641888, 1.6902935932738405, 1.6902931625838973, 1.6902927318943584, 1.690292301205223, 1.6902918705164904, 1.69029143982816, 1.6902910091402312, 1.690290578452703, 1.6902901477655745, 1.6902897170788456, 1.690289286392515, 1.6902888557065823, 1.6902884250210466, 2.4306506838301516, 2.430650253145408, 2.4306498224610595, 2.4306493917771057, 2.430648961093545, 2.430648530410377, 2.4306480997276014, 2.4306476690452175, 2.430647238363224, 2.430646807681621, 2.430646377000407, 2.4306459463195824, 2.4306455156391453, 2.430645084959096, 2.430644654279433, 2.430644223600156, 2.430643792921265, 2.4306433622427583, 2.430642931564636, 2.4306425008868966, 2.4306420702095397, 2.430641639532565, 2.430641208855972, 2.4306407781797597, 2.430640347503927, 2.4306399168284742, 2.4306394861534, 2.4306390554787036, 2.430638624804385, 2.4306381941304434, 2.430637763456877, 2.430637332783687, 2.430636902110872, 2.4306364714384308, 2.4306360407663634, 2.4306356100946687, 2.430635179423347, 2.4306347487523965, 2.4306343180818173, 2.4306338874116085, 2.430633456741769, 2.4306330260722997, 2.4306325954031984, 2.4306321647344653, 2.4306317340660994, 2.4306313033981004, 2.4306308727304677, 2.4306304420632, 2.4306300113962975, 2.4306295807297595, 2.4306291500635853, 2.430628719397774, 2.430628288732325, 2.4306278580672385, 2.430627427402513, 2.430626996738148, 2.4306265660741433, 2.430626135410498, 2.430625704747212, 2.430625274084284, 2.430624843421714, 2.4306244127595016, 2.430623982097645, 2.430623551436145, 2.4306231207750004, 2.4306226901142103, 2.4306222594537745, 2.4306218287936927, 2.430621398133964, 2.430620967474588, 2.430620536815564, 2.430620106156891, 2.430619675498569, 2.430619244840598, 2.430618814182976, 2.4306183835257036, 2.4306179528687797, 2.430617522212204, 2.430617091555976, 2.4306166609000948, 2.4306162302445595, 2.4306157995893707, 2.430615368934527, 2.430614938280028, 2.430614507625873, 2.4306140769720623, 2.4306136463185943, 2.430613215665469, 2.4306127850126864, 2.4306123543602447, 2.430611923708144, 2.4306114930563836, 2.4306110624049633, 2.4306106317538827, 2.4306102011031405, 2.4306097704527367, 2.430609339802671, 2.4306089091529426, 2.4306084785035504, 2.430608047854495, 2.270028820196464, 2.2700283905752703, 2.270027960954452, 2.2700275313340073, 2.270027101713937, 2.2700266720942395, 2.270026242474915, 2.270025812855962, 2.2700253832373805, 2.27002495361917, 2.27002452400133, 2.2700240943838597, 2.2700236647667587, 2.2700232351500262, 2.270022805533662, 2.270022375917665, 2.270021946302035, 2.2700215166867714, 2.270021087071874, 2.2700206574573416, 2.270020227843174, 2.2700197982293706, 2.2700193686159307, 2.2700189390028545, 2.27001850939014, 2.2700180797777882, 2.270017650165798, 2.2700172205541684, 2.270016790942899, 2.27001636133199, 2.2700159317214403, 2.270015502111249, 2.2700150725014163, 2.270014642891941, 2.2700142132828236, 2.2700137836740626, 2.2700133540656577, 2.2700129244576086, 2.2700124948499143, 2.270012065242575, 2.2700116356355893, 2.2700112060289577, 2.2700107764226787, 2.2700103468167527, 2.2700099172111785, 2.2700094876059556, 2.270009058001084, 2.2700086283965626, 2.2700081987923912, 2.2700077691885694, 2.2700073395850966, 2.2700069099819724, 2.270006480379196, 2.2700060507767668, 2.270005621174685, 2.2700051915729493, 2.2700047619715598, 2.270004332370516, 2.2700039027698167, 2.2700034731694623, 2.2700030435694516, 2.2700026139697846, 2.2700021843704605, 2.270001754771479, 2.2700013251728395, 2.270000895574541, 2.2700004659765844, 2.270000036378968, 2.269999606781692, 2.269999177184755, 2.269998747588158, 2.2699983179918988, 2.269997888395978, 2.269997458800395, 2.2699970292051495, 2.2699965996102405, 2.2699961700156677, 2.2699957404214306, 2.2699953108275293, 2.2699948812339623, 2.26999445164073, 2.269994022047832, 2.269993592455267, 2.2699931628630354, 2.269992733271136, 2.269992303679569, 2.2699918740883334, 2.2699914444974287, 2.2699910149068554, 2.269990585316612, 2.269990155726698, 2.2699901603881645, 2.269990164398513, 2.269990165586271, 2.2699901591741987, 2.2699901367369835, 2.269990085158931, 2.269989985591661, 2.2699898124118, 2.269989532178672, 2.2699891025919965, 2.269988471449578, 2.269987575605001, 2.2699863399253224, 2.2699846762487668, 2.2699824823424173, 2.2699796408599116, 2.2699760182991326, 2.2699714639599042, 2.2699658089016834, 2.2699588649012545, 2.269950423410422, 2.269940254513704, 2.269928105886026, 2.2699137017504154, 2.269896741835692, 2.269876900334166, 2.269853824859326, 2.269827135403539, 2.2697964232957366, 2.2697612501591156, 2.269721146868827, 2.2696756125096718, 2.269624113333793, 2.26956608171837, 2.269500915123313, 2.2694279750489557, 2.2693465859937483, 2.2692560344119532, 2.269155567671337, 2.2690443930108644, 2.2689216764983926, 2.268786541988364, 2.268638070079501, 2.2684752970725, 2.268297213927722, 2.268102765222892, 2.267890848110788, 2.2676603112769347, 2.2674099538973027, 2.267138524595996, 2.26684472040295, 2.266527185711623, 2.266184511236691, 2.265815232971743, 2.265417831146973, 2.2649907291868736, 2.264532292667932, 2.264040828276324, 2.2635145827656054, 2.2629517419144083, 2.262350429484136, 2.261708706176654, 2.2610245685919876, 2.2602959481860143, 2.2595207102281583, 2.258696652759084, 2.2578215055483937, 2.2568929290523174, 2.25590851337141, 2.2548657772082463, 2.2537621668251133, 2.252595055001707, 2.251361739992826, 2.2500594444860664, 2.248685314559517, 2.2472364186394547, 2.2457097464580373, 2.2441022080110025, 2.2424106325153588, 2.240631767367084, 2.2387622770988203, 2.2367987423375677, 2.2347376587623824, 2.2325754360620715, 2.2303083968928883, 2.227932775836231, 2.2254447183563353, 2.2228402797579747, 2.220115424144155, 2.2172660233738135, 2.2142878560195127, 2.2111766063251417, 2.207927863163611, 2.2045371189945535, 2.20099976882202, 2.197311109152181, 2.1934663369510226, 2.1894605486020495, 2.1852887388639823]